"Dstat 0.7.2 CSV output"
"Author:","Dag Wieers <dag@wieers.com>",,,,"URL:","http://dag.wieers.com/home-made/dstat/"
"Host:","foraslvms6",,,,"User:","hlinusabcz"
"Cmdline:","dstat --output dstat.log 1 8",,,,"Date:","02 Jan 2018 17:00:56 UTC"

"total cpu usage",,,,,,"dsk/total",,"net/total",,"paging",,"system",
"usr","sys","idl","wai","hiq","siq","read","writ","recv","send","in","out","int","csw"
0.486,0.155,99.155,0.193,0.0,0.011,13017.600,10772.240,0.0,0.0,0.0,0.0,18.422,54.119
73.810,26.190,0.0,0.0,0.0,0.0,0.0,0.0,66.0,0.0,0.0,0.0,18.0,12153.0
79.070,19.767,0.0,0.0,0.0,1.163,0.0,0.0,0.0,0.0,0.0,0.0,18.0,7062.0
97.619,2.381,0.0,0.0,0.0,0.0,0.0,0.0,0.0,0.0,0.0,0.0,19.0,162.0
97.674,2.326,0.0,0.0,0.0,0.0,0.0,0.0,0.0,0.0,0.0,0.0,18.0,160.0
96.471,3.529,0.0,0.0,0.0,0.0,0.0,0.0,202.0,54.0,0.0,0.0,18.0,153.0
9.890,34.066,54.945,0.0,0.0,1.099,0.0,45056.0,294.0,374.0,0.0,0.0,18.0,16148.0
9.375,6.250,84.375,0.0,0.0,0.0,0.0,0.0,0.0,0.0,0.0,0.0,18.0,2456.0
0.0,0.0,100.0,0.0,0.0,0.0,0.0,0.0,0.0,0.0,0.0,0.0,19.0,28.0
