"Dstat 0.7.2 CSV output"
"Author:","Dag Wieers <dag@wieers.com>",,,,"URL:","http://dag.wieers.com/home-made/dstat/"
"Host:","foraslvms8",,,,"User:","hlinusabcz"
"Cmdline:","dstat --output dstat.log 1 8",,,,"Date:","02 Jan 2018 17:00:56 UTC"

"total cpu usage",,,,,,"dsk/total",,"net/total",,"paging",,"system",
"usr","sys","idl","wai","hiq","siq","read","writ","recv","send","in","out","int","csw"
0.459,0.122,99.124,0.282,0.0,0.013,12913.537,10799.611,0.0,0.0,0.0,0.0,18.414,39.628
73.810,26.190,0.0,0.0,0.0,0.0,0.0,0.0,66.0,178.0,0.0,0.0,19.0,9185.0
96.471,2.353,0.0,0.0,0.0,1.176,0.0,0.0,0.0,0.0,0.0,0.0,18.0,167.0
96.341,3.659,0.0,0.0,0.0,0.0,0.0,0.0,0.0,0.0,0.0,0.0,18.0,155.0
97.500,2.500,0.0,0.0,0.0,0.0,0.0,0.0,12445.0,4865.0,0.0,0.0,18.0,214.0
96.512,3.488,0.0,0.0,0.0,0.0,0.0,49152.0,60.0,54.0,0.0,0.0,18.0,171.0
12.766,15.957,71.277,0.0,0.0,0.0,0.0,0.0,294.0,374.0,0.0,0.0,19.0,8029.0
0.0,0.0,100.0,0.0,0.0,0.0,0.0,0.0,0.0,0.0,0.0,0.0,18.0,33.0
0.0,0.0,100.0,0.0,0.0,0.0,0.0,0.0,0.0,0.0,0.0,0.0,18.0,33.0
