"Dstat 0.7.2 CSV output"
"Author:","Dag Wieers <dag@wieers.com>",,,,"URL:","http://dag.wieers.com/home-made/dstat/"
"Host:","foraslvms7",,,,"User:","hlinusabcz"
"Cmdline:","dstat --output dstat.log 1 8",,,,"Date:","02 Jan 2018 17:00:56 UTC"

"total cpu usage",,,,,,"dsk/total",,"net/total",,"paging",,"system",
"usr","sys","idl","wai","hiq","siq","read","writ","recv","send","in","out","int","csw"
0.368,0.092,99.334,0.203,0.0,0.003,12909.464,20754.200,0.0,0.0,0.0,0.0,18.420,41.016
72.973,21.622,5.405,0.0,0.0,0.0,0.0,0.0,616.0,554.0,0.0,0.0,18.0,12131.0
98.592,1.408,0.0,0.0,0.0,0.0,0.0,0.0,0.0,0.0,0.0,0.0,19.0,131.0
94.286,5.714,0.0,0.0,0.0,0.0,0.0,0.0,0.0,0.0,0.0,0.0,18.0,130.0
97.183,2.817,0.0,0.0,0.0,0.0,0.0,0.0,0.0,0.0,0.0,0.0,18.0,131.0
98.571,1.429,0.0,0.0,0.0,0.0,0.0,53248.0,0.0,0.0,0.0,0.0,18.0,182.0
14.607,13.483,71.910,0.0,0.0,0.0,0.0,0.0,294.0,374.0,0.0,0.0,19.0,11195.0
0.0,0.0,100.0,0.0,0.0,0.0,0.0,0.0,0.0,0.0,0.0,0.0,18.0,19.0
0.0,0.0,100.0,0.0,0.0,0.0,0.0,0.0,0.0,0.0,0.0,0.0,18.0,30.0
